              precision    recall  f1-score   support

           0       1.00      1.00      1.00        43
           1       0.93      1.00      0.96        37
           2       0.93      0.97      0.95        38
           3       0.98      0.93      0.96        46
           4       0.98      0.98      0.98        55
           5       0.98      0.97      0.97        59
           6       0.96      1.00      0.98        45
           7       1.00      0.98      0.99        41
           8       0.97      0.95      0.96        38
           9       0.93      0.90      0.91        48

    accuracy                           0.97       450
   macro avg       0.97      0.97      0.97       450
weighted avg       0.97      0.97      0.97       450
